
subNum = '924';
time = '1821';

date = {'150703', '150704','150703', '150704', '151016', '151018', '151216', '160202','160203', '160205', '160319', '160320','160324',...
    '160327',  '160607', '160609', '160723', '160901', '161102', '161103', '170330', '170416', '170426', '170427', '170417', '170425', ...
    '170426', '170427', '170420', '170428', '170427', '170428', '170429', '170429', '170501', '170501', '170505', '170506', '170501', ...
    '170509', '170508', '170510', '170513', '170515', '170518', '170519', '170519', '170520', '170522', '170523', '170524', ...
    '170529', '170530', '170531', '170606'};
mouseID = {'img24','img24', 'img25', 'img25', 'img30', 'img30', 'img32', 'img36', 'img36','img36', 'img38', 'img38', 'img41','img41', ...
     'img46', 'img46', 'img53', 'img55', 'img59', 'img59', 'img86', 'img90', 'img90', 'img90', 'img91', 'img91', 'img91', 'img91', 'img92', ...
     'img92','img92', 'img90', 'img92', 'img90', 'img92', 'img90', 'img90', 'img90', 'img92', 'img92', 'img90', 'img93', 'img89', 'img90', ...
     'img93', 'img93', 'img89', 'img93', 'img89', 'img89', 'img94', 'img94', 'img94', 'img94', 'img94'};
behavID = {'924', '924', '925', '925', '927', '930', '930', '932', '936', '936', '936', '938', '938', '941', '959', '959','989','990', '991', '992'};
runID = {'000', '001', '002'};
irun = 1;


date = {'170828'};
mouseID = {'img034'};
behavID = {'034'};
runID = {'000', '001', '002'};
irun = 1;