%File info script for CRP sessions
dates = {'170330', '170416', '170426', '170427', '170417', ...
         '170425', '170426', '170427', '170420', '170428', ...
         '170427', '170428', '170429', '170429', '170501', ...
         '170501', '170505', '170506', '170501', '170509', ...
         '170508', '170510', '170513', '170515', '170518', ...
         '170519', '170519', '170520', '170522', '170523', ...
         '170524', '170529', '170530', '170531', '170606', ...
         '170911', '170926', '170912', ...
         '170917', '170919', '170921', '170926', '170921', ...
         '170926', '171113', '171121', '171122', '171203', ...
         '171207', '171213', '171227', '180102', '180104', ...
         '180104', '180108'};
mouseID={'img86',  'img90',  'img90',  'img90',  'img91', ...
         'img91',  'img91',  'img91',  'img92',  'img92', ...
         'img92',  'img90',  'img92',  'img90',  'img92', ...
         'img90',  'img90',  'img90',  'img92',  'img92', ...
         'img90',  'img93',  'img89',  'img90',  'img93', ...
         'img93',  'img89',  'img93',  'img89',  'img89', ...
         'img94',  'img94',  'img94',  'img94',  'img94', ...
         'img036', 'img036', 'img039', ...
         'img039', 'img039', 'img041', 'img041', 'img044', ...
         'img044', 'img050', 'img050', 'img050', 'img053', ...
         'img053', 'img053', 'img067', 'img067', 'img067', ...
         'img070', 'img070'};
behavID = {'986', '990', '990', '990', '991', '991', '991', '991', '992', '992', '992', '990', '992', ...
           '990', '992', '990', '990', '990', '992', '992', '990', '993', '989', '990', '993', '993', ...
           '989', '993', '989', '989', '994', '994', '994', '994', '994', '036', '036', ...
           '039', '039', '039', '041', '041', '044', '044', '050', '050', '050', '053' ,'053', '053', ...
           '067', '067', '067', '070', '070'};
runID = {'000', '001', '002'};
irun = 1;

%------------------------------------------------------
% day1 and day5 
days_pair = {'170416_img90', '170426_img90', '170417_img91','170425_img91', '170420_img92', '170428_img92','170510_img93','170518_img93', ...
    '170513_img89', '170519_img89', '170524_img94', '170529_img94', '170911_img036', '170926_img036', '171113_img050', '171121_img050'};
days_pair_mouse = {'img90', 'img90', 'img91', 'img91', 'img92', 'img92', 'img93', 'img93', 'img89', 'img89', 'img94', 'img94'};

days_pair_folder = {'170416_170426_img90', '170417_170425_img91', '170420_170428_img92','170510_170518_img93', ...
    '170513_170519_img89', '170524_170529_img94'};

%day 1 of 500ms:  [2, 5, 9, 22, 23, 31]
days_1 = {'170416_img90',  '170417_img91', '170420_img92', '170510_img93', '170513_img89', '170524_img94', ...
   '170911_img036', '170912_img039', '170921_img041', '170921_img044', '171113_img050', '171203_img053', '180104_img070'};
days_1_mouse = {'img90', 'img91', 'img92', 'img93', 'img89', 'img94'}; %'170818_img030',

%post learning 500ms [3, 6, 10, 25, 27, 32, 37 39 44 46 49 55]
days_post = {'170426_img90',  '170425_img91', '170428_img92', '170518_img93', '170519_img89', '170529_img94', ...
    '170926_img036', '170917_img039', '170926_img044', '171121_img050',  '171207_img053', '180108_img070'}; %'171122_img050',

%Unexpected Reward [18, 7, 13, 26, 29, 33]
days_UR = {'170506_img90', '170426_img91', '170429_img92', '170519_img93', '170522_img89', '170530_img94'};

%1000ms day 1 [21, 8, 15, 28, 30, 34]
days_1000 = {'170508_img90', '170427_img91', '170501_img92', '170520_img93', '170523_img89', '170531_img94', ...
   '170919_img039',  '170926_img041', '171213_img053'}; %'170826_img030',

%1000ms post learning
days_1000_post = {'170515_img90', [], [], [], [], '170606_img94'};

% sessions with same cells in day1 and day5
days_s1 = {'170420_img92', '170912_img039', '170921_img044', '171113_img050', '171203_img053', '180104_img070'};
mouse_s1 = {'img92', 'img039', 'img044', 'img050', 'img053', 'img070'};
days_s2 = {'170427_img92', '170917_img039', '170926_img044', '171121_img050', '171207_img053', '180108_img070'};

%----------------------------------------------------------
%img89
days89 = {'170513_img89', '170519_img89', '170522_img89', '170523_img89'};

%img90
days90 = {'170416_img90', '170426_img90', '170427_img90', '170428_img90', ...
          '170429_img90', '170501_img90', '170506_img90', '170508_img90', ...
          '170515_img90'};  % '170426_img90'=10%omit   '170427_img90'=10%/10%   '170501_img90'=20%omit(500)  '170505_img90'=20%omit(500)quit early

%img91
days91 = {'170417_img91', '170425_img91', '170426_img91', '170427_img91'}; %'170425_img91'=postLearning10%omit     '170426_img91'=10%/10%(500)

%img92
days92 = {'170420_img92', '170427_img92', '170428_img92', '170429_img92', '170501_img92', '170509_img92'};   %'170427_img92'=10%omit(500) 

%img93
days93 = {'170510_img93', '170518_img93', '170519_img93', '170520_img93'};

%img94
days94 = {'170524_img94', '170529_img94', '170530_img94', '170531_img94', '170606_img94'};

days_all = [days89 days90 days91 days92 days93 days94];
%%
             %89     90    91   92    93    94
comp_500ms = [23,27; 2:3; 5:6; 9,10; 22,25; 31,32];

%%                   89              90             91             92
num_frames_to_use = [130000,130000; 130000,100000; 115000,120000; 120000,130000; 130000,130000; 130000,130000];



