%File info script for CRP sessions


% dates = {'170330', '170416', '170426', '170427', '170417', '170425', ...
%     '170426', '170427', '170420', '170428', '170427', '170428', '170429', '170429', '170501', '170501', '170505', '170506', '170501', ...
%     '170509', '170508', '170510', '170513', '170515', '170518', '170519', '170519', '170520', '170522', '170523', '170524', ...
%     '170529', '170530', '170531', '170606'};
% mouseID = {'img86', 'img90', 'img90', 'img90', 'img91', 'img91', 'img91', 'img91', 'img92', ...
%      'img92','img92', 'img90', 'img92', 'img90', 'img92', 'img90', 'img90', 'img90', 'img92', 'img92', 'img90', 'img93', 'img89', 'img90', ...
%      'img93', 'img93', 'img89', 'img93', 'img89', 'img89', 'img94', 'img94', 'img94', 'img94', 'img94'};
%  %fileID = {};
% behavID = {'989','990', '991', '992'};
runID = {'000', '001', '002'};
irun = 1;

%------------------------------------------------------
%day 1 of 500ms:  [2, 5, 9, 22, 23, 31]
days_1 = {'170416_img90',  '170417_img91', '170420_img92', '170510_img93', '170513_img89', '170524_img94', [], '170921_img044', ...  %used to include '170911_img036' but that session has 1000ms delay on day1
    '171113_img050', '171227_img067', '180104_img070', '180322_img077', '180507_img081', '180425_img084', '180509_img085'}; 
%index of data sets that have not been reanalyzed [2, 4, 5, 8, 9, 10, 12, 15]

%post learning 500ms [3, 6, 10, 25, 27, 32]
days_post = {'170426_img90',  '170425_img91', '170428_img92', '170518_img93', '170519_img89', '170529_img94', '170926_img036', '170926_img044', ...
    '171122_img050', '180104_img067', '180108_img070',  '180403_img077', '180518_img081', '180502_img084', '180517_img085'};

%Unexpected Reward
days_UR = {'170506_img90', '170426_img91', '170429_img92', '170519_img93', '170522_img89', '170530_img94'};

%1000ms day 1
days_1000 = {'170508_img90', '170427_img91', '170501_img92', '170520_img93', '170523_img89', '170531_img94',  ...
     '180404_img077', [], '180504_img084', '180519_img085'}; %used to include '180522_img081' but it has a 500ms delay

%1000ms post learning
days_1000_post = {'170515_img90', [], [], [], [], '170606_img94', [], [], ...
    [], [], [], '180404_img077', '180522_img081', '180504_img084', '180519_img085'};

%----------------------------------------------------------
stable_int_1 = {[1:200], [30:180], [1:200], [1:150], [1:200], [1:300], [1:300], [1:300], [30:280], [1:250], [1:200] ,[1:50,135:250], [1:250], [1:250], [100:350]}; 
all_nPCA_1 = {[225,250], [200,250], [175,225], [150,200], [200,250], [225,275], [175,225], [225,275], [200,250], [150,200], [275,325], [275,325], [225,275], [250,300], [125,175]};
all_PCuse_1 = {[0], [11:100], [0], [7:100], [7:80], [0], [0], [11:60], [9:100], [6:62], [0], [29:180], [0], [0], [3:70]};
all_PCuse2_1 =  {[0], [8:115], [0], [7:100], [1,2,7:85], [0], [0], [10:65], [9:100], [3,7:60], [0], [33:200], [0], [0], [4:90]};
nPCA_to_use_1 = {250, 250, 225, 150, 200, 225, 175, 225, 200, 200, 275, 325, 275, 250, 125};

stable_int_post = {[1:200], [150:350], [50:250], [1:250], [10:260], [1:300], [1:300], [330:540], [1:250], [1:250], [1:200] ,[1:200], [600:750], [400:600], [1:250]}; 
all_nPCA_post = {[175,225], [175,225], [175,225], [150,200], [200,250], [175,225], [175,225], [225,275], [225,275], [150,200], [225,275], [275,325], [225,275], [275,325], [125,175]};
all_PCuse_post = {[0], [7:71], [0], [5,6,10:57], [2,4,7:46,48:100], [0], [0], [1,3,5:160], [1,4:120], [4,7:20,22,24:26,29:31,33,35,38,39,41,44], [0], [5:138], [0], [0], [3,4,8:12,15,19,22,24,27,31,35,36,41]};
all_PCuse2_post = {[0],[8:80], [0], [6:57], [2:4,6:15,20:61,72:79], [0], [0], [1,5:160], [3:140], [7,13,15:20,22,24,26,29:31,38,41,43,44,46], [0], [4:135], [0], [0], [3:5,7,10,12,16,21,22,24,26,28:33,52]};
nPCA_to_use_post = {225, 225, 225, 150, 200, 225, 175, 225, 225, 150, 275, 275, 225, 325, 175};

stable_int_UR = {[1:250], [1:250], [1:250], [1:250], [1:250], [1:300]}; 
all_nPCA_UR = {[150,200], [175,225], [225,275], [150,200], [225,275], [175,225]};
all_PCuse_UR = {[13:72], [4:70], [5:100], [2:46], [3:101], [4,6:30]};
all_PCuse2_UR =  {[17:104], [5:100], [4:100], [2:46], [2:101], [6:70]};
nPCA_to_use_UR = {150, 225, 225, 200, 225, 225};

stable_int_1000 = {[50:300], [1:300], [50:300], [1:350], [1:200], [350:700], [1:300], [135:435], [200:500], [1:300]}; 
all_nPCA_1000  = {[150,200], [175,225], [225,275], [150,200], [200:250], [200,250], [275,325], [225,275], [275,325], [150,200]};
all_PCuse_1000 = {[12:125], [3:40], [5:100], [3:40], [3:75], [2:150], [2:175], [6:150], [8:200], [6:95]};
all_PCuse2_1000 =  {[15:160], [2:45], [6:125], [3:50], [3:75], [5:225], [3:200], [8:160], [10:250], [5:125]};
nPCA_to_use_1000 = {200, 225, 225, 200, 200, 200, 325, 225, 325, 150};

%% ----------------------------------------------------------------------------------------
%FoV matching info
% match_fov_x_d1 = {[], [], [83:332], [], [], [300:572], [], [], [], [], [], [], [], [209:506], []};
% match_fov_y_d1 = {[], [], [25:252], [], [], [5:174], [], [], [], [], [], [], [], [48:197], []};
% match_fov_x_pl = {[], [], [76:325], [], [], [306:578], [], [], [], [], [], [], [], [204:501], []};
% match_fov_y_pl = {[], [], [35:262], [], [], [1:170], [], [], [], [], [], [], [], [34:183], []};
 
% all_nPCA_d1dn = {[], [], [40], [], [], [40], [], [], [], [], [], [], [], [75], []};
% all_PCuse_d1 = {[], [], [3:52], [], [], [1:32], [], [], [], [], [], [], [], [9:30], []};
% all_PCuse_d1_2 = {[], [], [1:40], [], [], [1:40], [], [], [], [], [], [], [], [1:40], []};
% all_PCuse_pl = {[], [], [7:56], [], [], [1:32], [], [], [], [], [], [], [], [9:30], []};
% all_PCuse_pl_2 = {[], [], [1:40], [], [], [1:40], [], [], [], [], [], [], [], [1:40], []};
%---------------------------------------------------------------------------------------------
%Fov matching round two with smaller FoVs
match_fov_x_d1 = {[], [], [154:287], [], [], [315:445], [], [], [], [], [], [], [], [340:440], []};
match_fov_y_d1 = {[], [], [25:105], [], [], [25:115], [], [], [], [], [], [], [], [123:213], []};
match_fov_x_pl = {[], [], [146:279], [], [], [326:456], [], [], [], [], [], [], [], [326:426], []};
match_fov_y_pl = {[], [], [36:116], [], [], [15:105], [], [], [], [], [], [], [], [106:196], []};

match_fov_x_d1_2 = {[], [], [215:345], [], [], [399:534], [], [], [], [], [], [], [], [112:212], []};
match_fov_y_d1_2 = {[], [], [139:239], [], [], [160:240], [], [], [], [], [], [], [], [51:141], []};
match_fov_x_pl_2 = {[], [], [198:328], [], [], [395:530], [], [], [], [], [], [], [], [105:205], []};
match_fov_y_pl_2 = {[], [], [150:250], [], [], [163:243], [], [], [], [], [], [], [], [35:125], []};

all_nPCA_d1dn = {[], [], [30], [], [], [30], [], [], [], [], [], [], [], [30], []};
all_PCuse_d1 = {[], [], [5:30], [], [], [], [], [], [], [], [], [], [], [], []};
all_PCuse_d1_2 = {[], [], [], [], [], [], [], [], [], [], [], [], [], [], []};
all_PCuse_pl = {[], [], [1:30], [], [], [], [], [], [], [], [], [], [], [], []};
all_PCuse_pl_2 = {[], [], [], [], [], [], [], [], [], [], [], [], [], [], []};
%----------------------------------------------------------
%img89
days89 = {'170513_img89', '170519_img89', '170522_img89', '170523_img89', []};
%img90
days90 = {'170416_img90', '170501_img90', '170506_img90', '170508_img90', '170515_img90'};  % '170426_img90'=10%omit   '170427_img90'=10%/10%   '170501_img90'=20%omit(500)  '170505_img90'=20%omit(500)quit early
%img91
days91 = {'170417_img91', '170425_img91', '170426_img91', '170427_img91', []}; %'170425_img91'=postLearning10%omit     '170426_img91'=10%/10%(500)
%img92
days92 = {'170420_img92', '170428_img92', '170429_img92', '170501_img92', []};   %'170427_img92'=10%omit(500) 
%img93
days93 = {'170510_img93', '170518_img93', '170519_img93', '170520_img93', []};
%img94
days94 = {'170524_img94', '170529_img94', '170530_img94', '170531_img94', '170606_img94'};
%img036
days036 = {'170911_img036', '170926_img036'};
%img044
