%CRP_training_days_lists

%% list of variables to initialize

avg_licks_post_cue = [];
avg_licks_pre_cue = [];
avg_licks_post_cue_sem = [];
avg_licks_pre_cue_sem = [];

RT_across_days = [];
RT_across_days_sem = [];
RT_across_days_b2 = [];
RT_across_days_sem_b2 = [];
std_of_RT_across_days = [];
std_of_RT_across_days_b2 = [];

TFT_rates = [];
miss_rates = [];
TFT_rates_b2 = [];
miss_rates_b2 = [];

RT_across_sessions = [];
RT_across_sessions_delay = [];
RT_across_sessions_1000ms_delay = [];
RT_across_sessions_delay_b2 = [];
RT_across_sessions_drift = [];
RT_across_sessions_drift_b2 = [];

days_divider_inx = [];
days_divider_inx_delay = [];
days_divider_inx_1000ms_delay = [];
days_divider_inx_drift = [];
days_divider_inx_delay_b2 = [];

non_consecutive_inx = [];
non_consecutive_inx_delay = [];
non_consecutive_inx_delay_b2 = [];
non_consecutive_inx_1000ms_delay = [];
non_consecutive_inx_drift = [];
non_consecutive_inx_drift_b2 = [];

pre_cue_lick_window_avg = [];
pre_cue_lick_rate_sem = [];
iti_lick_window_avg = [];
iti_lick_rate_sem = [];

%% list of days to analyze

%days = {'161212_img73', '161213_img73', '161214_img73', '161215_img73'};
%days = {'161212_img74', '161214_img74', '161215_img74', '161216_img74'};
%days = {'170131_img75', '170201_img75', '170202_img75', '170203_img75', '170206_img75', '170207_img75', '170208_img75', '170209_img75', '170210_img75', '170212_img75', '170213_img75', '170214_img75'};

%days = {'170215_img78', '170216_img78', '170219_img78', '170220_img78', '170221_img78', '170222_img78', '170223_img78', '170224_img78', '170301_img78', '170302_img78', '170303_img78', '170305_img78', '170306_img78', '170307_img78', '170308_img78', '170310_img78', '170311_img78'};
%days = {'170306_img81', '170307_img81', '170308_img81', '170309_img81', '170310_img81', '170311_img81', '170312_img81', '170313_img81', '170314_img81', '170315_img81', '170316_img81', '170318_img81', '170319_img81'};
%days = {'170306_img82', '170307_img82', '170308_img82', '170309_img82', '170310_img82', '170311_img82', '170313_img82', '170314_img82', '170315_img82', '170316_img82', '170317_img82', '170319_img82', '170320_img82'}; 
%days = {'170313_img83', '170314_img83', '170315_img83', '170316_img83', '170317_img83', '170319_img83', '170320_img83', '170321_img83', '170322_img83', '170323_img83', '170324_img83', '170327_img83'};

%days = {'170321_img86', '170322_img86', '170323_img86', '170325_img86', '170326_img86', '170327_img86', '170330_img86'};

%days = {'170408_img87', '170410_img87', '170411_img87', '170412_img87', '170413_img87', '170414_img87', '170415_img87', '170417_img87', '170418_img87', '170419_img87', '170420_img87', '170422_img87', '170423_img87', '170424_img87', '170425_img87', '170426_img87'};
%days = {'170408_img88', '170410_img88', '170411_img88', '170412_img88', '170413_img88', '170414_img88', '170415_img88', '170417_img88', '170418_img88', '170419_img88', '170420_img88', '170421_img88', '170422_img88', '170423_img88', '170424_img88', '170425_img88', '170426_img88'};
%days = {'170416_img90', '170417_img90', '170418_img90', '170419_img90', '170422_img90', '170423_img90', '170424_img90', '170425_img90', '170426_img90', '170427_img90', '170428_img90', '170429_img90', '170501_img90', '170502_img90', '170503_img90', '170504_img90', '170505_img90', '170506_img90', '170508_img90', '170509_img90', '170510_img90', '170511_img90', '170512_img90', '170513_img90', '170515_img90'};
%days = {'170417_img91', '170418_img91', '170419_img91', '170420_img91', '170422_img91', '170423_img91', '170424_img91', '170425_img91', '170426_img91', '170427_img91', '170428_img91', '170429_img91', '170501_img91', '170502_img91', '170503_img91', '170504_img91'};
%days = {'170420_img92', '170422_img92', '170423_img92', '170424_img92', '170425_img92', '170426_img92', '170427_img92', '170428_img92', '170429_img92', '170501_img92', '170503_img92', '170504_img92', '170505_img92', '170506_img92', '170509_img92'};
%days = {'170510_img93', '170511_img93', '170512_img93', '170513_img93', '170515_img93', '170516_img93', '170517_img93', '170518_img93', '170519_img93', '170520_img93', '170522_img93', '170523_img93', '170524_img93', '170525_img93'};
%days = {'170513_img89', '170515_img89', '170516_img89', '170517_img89', '170518_img89', '170519_img89', '170522_img89', '170523_img89', '170524_img89', '170525_img89', '170526_img89', '170527_img89', '170529_img89', '170530_img89', '170531_img89'};
%days = {'170524_img94', '170525_img94', '170526_img94', '170527_img94', '170529_img94', '170530_img94', '170531_img94', '170601_img94', '170602_img94', '170604_img94', '170605_img94', '170606_img94'};
%days = {'170605_img95', '170606_img95', '170607_img95', '170608_img95', '170609_img95', '170610_img95', '170611_img95', '170612_img95', '170613_img95', '170614_img95'};

%days = {'170612_img96', '170613_img96', '170614_img96', '170615_img96', '170620_img96', '170621_img96', '170622_img96', '170623_img96', '170624_img96'};
%days = {'170628_img98', '170629_img98', '170701_img98', '170703_img98', '170704_img98', '170705_img98', '170706_img98'};
%days = {'170705_img99', '170706_img99', '170707_img99', '170708_img99', '170710_img99', '170711_img99', '170712_img99'};
%days = {'170820_img030', '170821_img030', '170822_img030'};
%days = {'170825_img032', '170826_img032', '170827_img032', '170829_img032', '170830_img032', '170831_img032', '170901_img032', '170902_img032', '170903_img032', '170904_img032', '170905_img032', '170906_img032'};
%days = {'170901_img033', '170902_img033', '170903_img033', '170904_img033', '170905_img033', '170906_img033', '170907_img033', '170908_img033', '170909_img033', '170911_img033'};
%days = {'170901_img034', '170902_img034', '170903_img034', '170904_img034', '170905_img034', '170906_img034', '170907_img034'};
%days = {'170911_img036', '170912_img036', '170913_img036', '170914_img036', '170915_img036', '170916_img036', '170918_img036', '170919_img036', '170920_img036', '170921_img036', '170922_img036', '170923_img036', '170924_img036', '170925_img036', '170926_img036'};
%days = {'170912_img039', '170913_img039', '170914_img039', '170915_img039', '170916_img039', '170917_img039', '170918_img039'};
%days = {'170913_img040', '170914_img040', '170915_img040', '170916_img040', '170917_img040', '170918_img040', '170919_img040', '170920_img040', '170921_img040', '170922_img040', '170923_img040', '170924_img040'};
%days = {'170921_img041', '170922_img041', '170923_img041', '170924_img041', '170925_img041'};
%days = {'170921_img044', '170922_img044', '170923_img044', '170924_img044', '170925_img044', '170926_img044'};

%days = {'171113_img050', '171115_img050', '171116_img050', '171119_img050', '171120_img050', '171121_img050', '171122_img050'};
%days = {'171201_img048', '171202_img048', '171203_img048', '171204_img048', '171205_img048', '171206_img048', '171207_img048', '171208_img048', '171209_img048', '1712011_img048'};
%days = {'171203_img053', '171204_img053', '171205_img053', '171206_img053', '171207_img053', '171209_img053', '171210_img053', '171212_img053'};
%days = {'171227_img067', '171228_img067', '171229_img067', '171230_img067', '180101_img067', '180102_img067', '180103_img067', '180104_img067'};
%days = {'171229_img069', '171230_img069', '171231_img069', '180101_img069'};
%days = {'180104_img070', '180105_img070', '180106_img070', '180107_img070', '180108_img070'};
%days = {'180224_img075', '180225_img075', '180226_img075', '180227_img075', '180228_img075', '180301_img075'};
%days = {'180322_img077', '180323_img077', '180324_img077', '180325_img077', '180326_img077', '180327_img077', '180328_img077', '180329_img077', '180330_img077', '180331_img077', '180401_img077', '180402_img077', '180403_img077', '180404_img077'};
%days = { '180323_img076', '180324_img076', '180325_img076', '180326_img076'};
%days = {'180104_img666'};
%days = {'180411_img080', '180412_img080', '180413_img080', '180414_img080'};
