%WF CRP list of days

animals = {'img86', 'img87', 'img88', 'img95', 'img96', 'img98', 'img99'};

days_1 = {'170321_img86', [], '170408_img88', '170605_img95', '170612_img96', '170628_img98', '170705_img99'};  %'170408_img87' first day of imaging but animal quit licking part way through
days_1_ROI = {[1,5], [], [1,2,5], [1:4], [1,2,4], [1:5], [3,4,5]};
days_1_stable_int = {[1,150], [], [1126,1200], [1417,1485], [808,890], [273,324], [230,292]};

days_post = {'170325_img86', [], '170415_img88', '170614_img95' '170622_img96', '170704_img98', '170710_img99'}; %'170326_img86',  are also 10%omission post learning
days_post_ROI = {[1,5], [], [1,2,5], [1:4], [1,2,4], [1:5], [3,4,5]};

days_UR = {'170327_img86', [], '170417_img88', [], '170623_img96', '170705_img98', '170711_img99'}; %img86_10%OR_10%%UR  170420_img87_10%/10%   170417_img88_10/10   '170420_img87'
days_UR_ROI = {[1,5], [], [1,2,5], [], [1,2,4], [1:5], [3,4,5]};

days_1000 = {[], '170421_img87', '170418_img88', [], '170624_img96', '170706_img98', '170712_img99'}; %170421_img87_10%/10%     170418_img88_0/0    '170712_img99'0/20

days_1000_post = {[],[], '170426_img88', [], [], [], []};   %'170426_img88' 10/0

%% 
%last_day_of_500 = [6, 11, 8, 7, 9, 9, 9, 9, 6, 10, 8, 6, 6]; %listed in numerical order according to mouseID: img86 to img99   ***for img90 the first day of 500ms post learning is used
days_to_learn_criteria =     [3, 6, 5, 10, 7, 7, 6, 4, 8, ...
    7, 3, 4, 5, 6, 7, 3, 10, 11, 7, ...  %consider changing img98 to day 4
    8, 3, 4, 4, 3, 4, 4, 5];   %listed in numerical order by animal ID
days_to_PL_imaging_session = [4, 7, 6, 11, 8, 8, 8, 5, 10, ...
    8, 5, 5, 6, 7, 8, 4, 13, 12, 8, ...
    9, 5, 8, 5, 5, 5, 5, 6];
all_bx_animals = {'img86', 'img88', 'img89', 'img90', 'img91', 'img92', 'img93', 'img94', 'img95', ...
    'img96', 'img98', 'img99', 'img044', 'img050', 'img067', 'img070', 'img077', 'img081', 'img084', ...
    'img085', 'img087', 'img088', 'img089', 'img091', 'img092', 'img093', 'img094'};

%% all days of bx listed in order: 2P and WF
%WF
% days = {'170321_img86', '170322_img86', '170323_img86', '170325_img86', '170326_img86', '170327_img86', '170330_img86'};
% days = {'170408_img87', '170410_img87', '170411_img87', '170412_img87', '170413_img87', '170414_img87', '170415_img87', '170417_img87', '170418_img87', '170419_img87', '170420_img87', '170422_img87', '170423_img87', '170424_img87', '170425_img87', '170426_img87'};
% days = {'170408_img88', '170410_img88', '170411_img88', '170412_img88', '170413_img88', '170414_img88', '170415_img88', '170417_img88', '170418_img88', '170419_img88', '170420_img88', '170421_img88', '170422_img88', '170423_img88', '170424_img88', '170425_img88', '170426_img88'};

% %2P
% days = {'170513_img89', '170515_img89', '170516_img89', '170517_img89', '170518_img89', '170519_img89', '170522_img89', '170523_img89', '170524_img89', '170525_img89', '170526_img89', '170527_img89', '170529_img89', '170530_img89', '170531_img89'};
% days = {'170416_img90', '170417_img90', '170418_img90', '170419_img90', '170422_img90', '170423_img90', '170424_img90', '170425_img90', '170426_img90', '170427_img90', '170428_img90', '170429_img90', '170501_img90', '170502_img90', '170503_img90', '170504_img90', '170505_img90', '170506_img90', '170508_img90', '170509_img90', '170510_img90', '170511_img90', '170512_img90', '170513_img90', '170515_img90'};
% days = {'170417_img91', '170418_img91', '170419_img91', '170420_img91', '170422_img91', '170423_img91', '170424_img91', '170425_img91', '170426_img91', '170427_img91', '170428_img91', '170429_img91', '170501_img91', '170502_img91', '170503_img91', '170504_img91'};
% days = {'170420_img92', '170422_img92', '170423_img92', '170424_img92', '170425_img92', '170426_img92', '170427_img92', '170428_img92', '170429_img92', '170501_img92', '170503_img92', '170504_img92', '170505_img92', '170506_img92', '170509_img92'};
% days = {'170510_img93', '170511_img93', '170512_img93', '170513_img93', '170515_img93', '170516_img93', '170517_img93', '170518_img93', '170519_img93', '170520_img93', '170522_img93', '170523_img93', '170524_img93', '170525_img93'};
% days = {'170524_img94', '170525_img94', '170526_img94', '170527_img94', '170529_img94', '170530_img94', '170531_img94', '170601_img94', '170602_img94', '170604_img94', '170605_img94', '170606_img94'};

%WF 2.0
% days = {'170605_img95', '170606_img95', '170607_img95', '170608_img95', '170609_img95', '170610_img95', '170611_img95', '170612_img95', '170613_img95', '170614_img95'};
% days = {'170612_img96', '170613_img96', '170614_img96', '170615_img96', '170620_img96', '170621_img96', '170622_img96', '170623_img96', '170624_img96'};
% days = {'170628_img98', '170629_img98', '170701_img98', '170703_img98', '170704_img98', '170705_img98', '170706_img98'};
% days = {'170705_img99', '170706_img99', '170707_img99', '170708_img99', '170710_img99', '170711_img99', '170712_img99'};


