%file_info_CRP2 
%temporary 

dates = {'180518', '180502', '180104', '180108', '170911', '170926', '170524', '170529', '170416', '170426', '170420', '170428'};
mouseID = {'img081', 'img084', 'img070', 'img070', 'img036', 'img036', 'img94', 'img94', 'img90', 'img90', 'img92', 'img92'};
behavID = {'081', '084', '070', '070', '036', '036', '994', '994', '990', '990', '992', '992'};
runID = {'000', '001', '002'};
irun = 1;
stable_int = {[600:750], [400:600], [1:200],[1:200], [1:300],[1:300], [1:300],[1:300], [1:200],[1:200], [1:200],[50:250]};
all_nPCA = {[225,275], [275,325], [275,325], [225,275], [175,225], [175,225], [225,275], [175,225], [175,225], [175,225], [175,225], [175,225]};
all_PCuse = {[5:200], [5:225], [2:150], [4:175], [5:131], [2:150], [1:150], [2:115], [3:175], [3:175], [], []};
all_PCuse2 = {[4:180], [6:225], [2:140], [3:175], [5:131], [3:175], [1:150], [3:115], [3:225], [3:225], [], []};





