%file_info_CRP2 
%temporary 

dates = {'180507', '180518', '180425', '180502', '180104', '180108', '170911', '170926', '170524', '170529', '170416', '170426', '170420', '170428'};
mouseID = {'img081', 'img081', 'img084', 'img084', 'img070', 'img070', 'img036', 'img036', 'img94', 'img94', 'img90', 'img90', 'img92', 'img92'};
behavID = {'081', '081', '084', '084', '070', '070', '036', '036', '994', '994', '990', '990', '992', '992'};
runID = {'000', '001', '002'};
irun = 1;
stable_int = {[1:250], [600:750], [1:250], [400:600], [1:200],[1:200], [1:300],[1:300], [1:300],[1:300], [1:200], [1:200], [1:200], [50:250]};
all_nPCA = {[225,275], [225,275], [250,300], [275,325], [275,325], [225,275], [175,225], [175,225], [225,275], [175,225], [225,250], [225, 250], [175,225], [175,225]};
all_PCuse = {[5,9:150], [5:200], [10:150], [5:225], [2:150], [4:175], [5:131], [2:150], [1:150], [2:115], [3:165], [6:200], [5:140], [3:125]};
all_PCuse2 = {[8:200], [4:180], [8:190], [6:225], [2:140], [3:175], [5:131], [3:175], [1:150], [3:115], [4,6:170], [6:200], [5:160], [5:125]};

nPCA_to_use = [0, 225, 0, 275, 275, 275, 175, 175, 225, 225, 250, 225, 225, 225];

