

date = {'160606', '160722', '160904'};
mouseID = {'img46', 'img53', 'img55'};
% behavID = {'924', '924', '925', '925', '927', '930', '930', '932', '936', '936', '936', '938', '938', '941', '959', '959'};
% runID = {'000', '001', '002'};
irun = 1;


